2
2 3
2
-2 -3
3 
0 1 -1 
1
4
1
0
4
1 -1 2 -2
5
1 2 -3 4 -5
3
29347 1 1
6
1 2 3 4 5 6
7
1 -2 -6 -5 3 2 1
10
-2 0 0 0 0 1 2 3 -8 9
17
4 -4 6 5 -3 3 4 -7 11 -13 17 -20 -23 1 -1 0 -2
20
4 -4 6 5 -3 3 4 6 5 -3 12 -20 -18 1 -1 1 -2 2 1 1
41
2 -2 2 -2 2 3 1 1 1 3 -3 1 1 1 0 0 2 -2 2 2 2 2 -2 1 1 -1 1 1 2 -2 2 1 1 1 1 1 2 2 -2 -2 2
50
2 2 -2 2 2 3 1 1 1 1 3 1 1 1 1 -2 2 2 -2 1 1 1 1 2 -2 2 2 2 -2 2 2 1 1 1 1 1 2 -2 2 2 -2 1 -1 1 -1 1 1 -1 1 1
16
14 4 -4 3 5 -3 3 5 -7 1 -13 -19  1 -1 1 -2
13
-2 129 34 39 230 1 2 3 -8 9 23 1 1
